 <div class="card1">
                <svg width="88" height="80" viewBox="0 0 88 80" fill="none" xmlns="http://www.w3.org/2000/svg">
                    <path d="M87.735 35.5591C87.735 32.2409 86.076 29.1312 83.249 27.0613C83.372 26.5315 83.433 26.0224 83.433 25.5214C83.433 21.388 80.047 17.9551 75.648 17.3639C75.749 16.8891 75.797 16.4233 75.797 15.9593C75.797 11.5588 71.955 7.96342 67.142 7.73504C67.063 7.72331 66.983 7.71338 66.9 7.71338C66.86 7.71338 66.821 7.71789 66.78 7.71879C66.74 7.71789 66.701 7.71338 66.66 7.71338C66.202 7.71338 65.741 7.75039 65.254 7.82711C64.408 3.77861 60.501 0.763672 55.817 0.763672C50.506 0.763672 46.185 4.66414 46.185 9.45915V68.9618C46.185 75.0305 51.654 79.9663 58.376 79.9663C62.836 79.9663 66.884 77.7881 69.022 74.3282C69.501 74.4221 69.961 74.4798 70.423 74.5069C73.326 74.6739 76.153 73.8155 78.349 72.076C80.545 70.3366 81.859 67.9291 82.049 65.2969C82.128 64.2002 81.992 63.0998 81.646 62.013C85.442 59.5839 87.673 55.7376 87.673 51.523C87.673 48.4674 86.454 45.5337 84.228 43.1967C86.468 41.1494 87.735 38.4107 87.735 35.5591ZM84.675 51.5248C84.675 54.6697 83.093 57.5547 80.38 59.4855C78.372 56.6005 74.81 54.7582 70.953 54.7582C70.125 54.7582 69.453 55.3648 69.453 56.1122C69.453 56.8596 70.125 57.4662 70.953 57.4662C74.294 57.4662 77.337 59.3555 78.535 62.1673C78.945 63.1494 79.127 64.1433 79.056 65.1227C78.918 67.0328 77.965 68.7794 76.371 70.0414C74.777 71.3042 72.73 71.9316 70.619 71.8052C70.025 71.77 69.411 71.6545 68.686 71.4423C67.946 71.2239 67.145 71.5543 66.84 72.2006C65.395 75.2733 62.072 77.2592 58.375 77.2592C53.307 77.2592 49.184 73.5374 49.184 68.9627V9.46006C49.184 6.15897 52.159 3.4726 55.816 3.4726C59.214 3.4726 62.01 5.78526 62.374 8.80562C59.623 10.2282 57.762 12.8993 57.762 15.9602C57.762 16.7085 58.434 17.3142 59.262 17.3142C60.09 17.3142 60.762 16.7085 60.762 15.9602C60.762 12.9426 63.451 10.4855 66.778 10.4268C70.105 10.4855 72.794 12.9426 72.794 15.9593C72.794 16.5208 72.677 17.1021 72.435 17.7385C72.378 17.8883 72.351 18.0454 72.354 18.2034C72.355 18.2404 72.357 18.2747 72.361 18.3072C72.355 18.3261 72.351 18.3388 72.351 18.3388C72.233 18.7585 72.345 19.2044 72.652 19.5375C72.959 19.8706 73.417 20.0512 73.903 20.0232C74.007 20.0169 74.111 20.0051 74.295 19.9817C77.678 19.9817 80.431 22.4667 80.431 25.5205C80.431 26.0368 80.328 26.5667 80.109 27.1895C79.906 27.7627 80.147 28.3883 80.7 28.7241C83.134 30.2036 84.609 32.6318 84.714 35.2613C84.714 35.2649 84.713 35.2685 84.713 35.2721C84.713 39.8126 80.621 43.5072 75.591 43.5072C70.561 43.5072 66.468 39.8126 66.468 35.2721C66.468 34.5238 65.796 33.9181 64.968 33.9181C64.14 33.9181 63.468 34.5238 63.468 35.2721C63.468 41.3065 68.906 46.2152 75.591 46.2152C77.819 46.2152 79.901 45.6601 81.697 44.7096C83.617 46.5962 84.675 49.009 84.675 51.5248Z" fill="white"/>
                    <path d="M31.916 0.764648C27.232 0.764648 23.326 3.77959 22.481 7.82809C21.993 7.75136 21.532 7.71435 21.074 7.71435C21.034 7.71435 20.995 7.71887 20.954 7.71977C20.914 7.71887 20.875 7.71435 20.834 7.71435C20.751 7.71435 20.671 7.72428 20.592 7.73602C15.779 7.9644 11.938 11.5598 11.938 15.9603C11.938 16.4243 11.987 16.8901 12.087 17.3649C7.688 17.9561 4.302 21.389 4.302 25.5224C4.302 26.0224 4.363 26.5315 4.486 27.0623C1.659 29.1322 0 32.2419 0 35.5601C0 38.4117 1.266 41.1504 3.505 43.1995C1.278 45.5365 0.059 48.4702 0.059 51.5258C0.059 55.7404 2.29 59.5858 6.086 62.0158C5.739 63.1026 5.604 64.2029 5.684 65.3006C5.874 67.9319 7.187 70.3393 9.383 72.0788C11.579 73.8192 14.398 74.6776 17.309 74.5097C17.764 74.4826 18.228 74.423 18.709 74.3301C20.847 77.7909 24.895 79.9691 29.355 79.9691C36.077 79.9691 41.546 75.0324 41.546 68.9646V9.46013C41.548 4.66511 37.227 0.764648 31.916 0.764648ZM38.548 68.9628C38.548 73.5375 34.425 77.2593 29.357 77.2593C25.66 77.2593 22.337 75.2734 20.893 72.2007C20.652 71.6888 20.1 71.3756 19.512 71.3756C19.358 71.3756 19.201 71.3964 19.047 71.4424C18.323 71.6545 17.709 71.7701 17.114 71.8053C14.995 71.9308 12.956 71.3034 11.363 70.0415C9.769 68.7795 8.816 67.0328 8.678 65.1228C8.602 64.0757 8.803 63.0141 9.276 61.9679C9.283 61.9526 9.281 61.9354 9.287 61.9201C10.629 59.1615 13.512 57.4491 16.884 57.4491C17.713 57.4491 18.384 56.8425 18.384 56.0951C18.384 55.3477 17.713 54.7411 16.884 54.7411C12.946 54.7411 9.383 56.5528 7.336 59.4702C4.635 57.5394 3.059 54.6617 3.059 51.5249C3.059 49.0091 4.119 46.5962 6.037 44.7106C7.833 45.6611 9.916 46.2162 12.144 46.2162C18.829 46.2162 24.267 41.3075 24.267 35.2731C24.267 34.5247 23.596 33.9191 22.767 33.9191C21.938 33.9191 21.267 34.5247 21.267 35.2731C21.267 39.8135 17.175 43.5082 12.144 43.5082C7.113 43.5082 3.021 39.8135 3.021 35.2731C3.021 35.2713 3.02 35.2695 3.02 35.2677C3.123 32.6363 4.598 30.2063 7.033 28.7251C7.586 28.3893 7.826 27.7646 7.624 27.1914C7.404 26.5677 7.302 26.0378 7.302 25.5215C7.302 22.474 10.043 19.9926 13.497 19.9926C13.504 19.9926 13.512 19.9926 13.519 19.9926C13.622 20.0052 13.725 20.0169 13.83 20.0232C14.315 20.0503 14.778 19.8689 15.084 19.534C15.391 19.1982 15.501 18.7505 15.378 18.3298C15.378 18.3289 15.375 18.3172 15.37 18.3018C15.373 18.2703 15.376 18.2414 15.377 18.2161C15.382 18.0536 15.355 17.892 15.296 17.7386C15.054 17.1004 14.937 16.5182 14.937 15.9585C14.937 12.9418 17.625 10.4838 20.953 10.426C24.281 10.4847 26.969 12.9418 26.969 15.9594C26.969 16.7077 27.64 17.3134 28.469 17.3134C29.298 17.3134 29.969 16.7077 29.969 15.9594C29.969 12.8984 28.108 10.2274 25.357 8.80479C25.721 5.78443 28.517 3.47178 31.915 3.47178C35.572 3.47178 38.547 6.15814 38.547 9.45923V68.9628H38.548Z" fill="white"/>
                    </svg>
                    <p>Disturbios, psicopatologicos  comportamentais, emocionais</p>
                    
            </div>
            <div class="card2">
                <svg width="105" height="105" viewBox="0 0 105 105" fill="none" xmlns="http://www.w3.org/2000/svg">
                    <path d="M52.5486 42.9903L53.8813 43.4345L54.4 41.8779L53.0674 41.4337C52.3901 41.208 51.8451 40.7004 51.5719 40.041C51.2988 39.3815 51.3252 38.6371 51.6444 37.9986L54.8743 31.5387L53.4069 30.8049L50.1771 37.2648C49.6449 38.3289 49.601 39.5696 50.0562 40.6688C50.5115 41.7679 51.4198 42.614 52.5486 42.9903V42.9903Z" fill="white"/>
                    <path d="M44.6637 33.7193L43.93 35.1868L47.2113 36.8274L47.945 35.36L44.6637 33.7193Z" fill="white"/>
                    <path d="M41.4377 27.1871L40.5936 28.594L48.7967 33.5159L49.6408 32.109L41.4377 27.1871Z" fill="white"/>
                    <path d="M72.0715 67.8432L72.3035 66.219L63.1641 64.9135V56.6878C68.0895 53.9107 71.2416 48.7002 71.3635 42.9997L72.7147 41.6485C73.9617 40.4014 74.6484 38.7435 74.6484 36.9799C74.6484 34.1336 72.8342 31.6165 70.1339 30.7163L69.7266 30.5806V21.8941C70.8683 21.2441 71.886 20.363 72.6995 19.2783C72.9433 18.9532 73.1652 18.6127 73.3656 18.2603C73.7256 18.9654 74.2361 19.6074 74.8944 20.1322C75.4144 20.5469 75.995 20.8653 76.62 21.0785L77.1497 19.5258C76.7039 19.3737 76.2892 19.1461 75.9172 18.8495C74.9223 18.0562 74.3949 16.8907 74.3749 15.7081C74.4881 15.2392 74.5667 14.762 74.6095 14.281C74.7576 13.8594 74.9732 13.4541 75.2672 13.0855C76.677 11.3171 79.2625 11.0254 81.0312 12.4355C81.3521 12.6915 81.6309 12.9909 81.8601 13.3255C82.0515 13.6223 82.4178 13.768 82.767 13.6714C83.1583 13.5637 83.412 13.1862 83.3639 12.7833C83.2328 11.6853 83.5402 10.6045 84.2295 9.73995C85.6393 7.97155 88.225 7.68005 89.9935 9.08997C90.8501 9.77299 91.3894 10.7487 91.5122 11.8374C91.635 12.9261 91.3265 13.9973 90.6434 14.854C90.5229 15.0051 90.4644 15.1858 90.4645 15.3652C90.4646 15.6061 90.5703 15.8448 90.7734 16.0067C91.1276 16.2892 91.6439 16.2313 91.9262 15.8768C93.3364 14.1084 95.9221 13.8169 97.6902 15.2268C99.4585 16.6367 99.7501 19.2224 98.3402 20.9907C97.6509 21.8551 96.6659 22.3955 95.5664 22.5124C95.1902 22.5523 94.8901 22.8444 94.84 23.2194C94.79 23.5944 95.0028 23.9551 95.3553 24.0924C95.7392 24.242 96.0989 24.4495 96.4246 24.709C97.2811 25.3921 97.8206 26.3678 97.9433 27.4565C98.0661 28.5452 97.7575 29.6164 97.0746 30.4731C96.3915 31.3296 95.4158 31.8691 94.3271 31.9918C93.2381 32.1141 92.1671 31.806 91.3105 31.123C90.6735 30.6151 90.2066 29.9382 89.9605 29.1658L88.3974 29.6639C88.7424 30.7466 89.396 31.6948 90.2878 32.4058C91.3432 33.2473 92.6066 33.6559 93.8618 33.6559C95.5508 33.6559 97.225 32.9161 98.3573 31.4959C100.275 29.0901 99.9442 25.6039 97.6523 23.5975C98.4098 23.2287 99.0815 22.6925 99.6229 22.0135C100.579 20.8143 101.011 19.3144 100.839 17.7903C100.667 16.2662 99.9122 14.9002 98.713 13.9441C97.5137 12.9878 96.0135 12.5561 94.4897 12.7277C94.0195 12.7808 93.5642 12.8893 93.1315 13.0493C93.1911 12.5918 93.1955 12.1238 93.1425 11.6535C92.9706 10.1294 92.2155 8.76343 91.0162 7.80723C88.5406 5.83335 84.9208 6.24141 82.9468 8.71716C82.4054 9.39618 82.0322 10.1706 81.8413 10.991C79.6379 9.39402 76.6321 9.58723 74.6484 11.3619V4.92181C74.6484 4.65816 74.5217 4.41052 74.3078 4.25631C74.094 4.1023 73.8193 4.06005 73.5687 4.14356L69.7262 5.4244C65.9235 6.69212 61.8188 7.04009 57.8569 6.43036L49.8693 5.20149C45.2143 4.48542 40.4499 6.28807 37.4349 9.90617C34.9911 12.8388 33.8991 16.688 34.4389 20.4669L35.2734 26.3085V30.5806L34.8661 30.7163C32.1658 31.6165 30.3516 34.1336 30.3516 36.9799C30.3516 38.7435 31.0383 40.4014 32.2853 41.6485L33.6365 42.9997C33.7584 48.7002 36.9105 53.9107 41.8359 56.6879V64.9135L31.5841 66.378C23.9551 67.4679 17.8177 73.0031 15.9486 80.4796L10.6886 101.52L12.2802 101.918L17.5402 80.8775C19.2468 74.0512 24.8505 68.9973 31.8162 68.0022L42.2914 66.5057L51.8437 79.2421C51.9987 79.4487 52.2419 79.5703 52.5 79.5703C52.7582 79.5703 53.0013 79.4487 53.1563 79.2421L62.7086 66.5057L72.0716 67.8432H72.0715ZM38.6952 10.9564C40.9598 8.23891 44.3477 6.68711 47.8386 6.68711C48.431 6.68711 49.0265 6.73177 49.6198 6.82309L57.6073 8.05196C61.8262 8.70084 66.196 8.33064 70.2451 6.98091L73.0078 6.05996V13.4313C73.0078 13.6037 73.0006 13.7759 72.9894 13.9478C72.834 14.4529 72.7497 14.973 72.7368 15.4935C72.4707 16.501 72.0141 17.4577 71.3869 18.294C69.6299 20.6366 66.7344 21.8514 63.8324 21.4647L54.8182 20.2627C48.4474 19.4133 41.9269 21.0465 36.7093 24.7581L36.0631 20.2348C35.5888 16.9148 36.5482 13.533 38.6952 10.9564V10.9564ZM35.2734 42.6562C35.2734 42.4386 35.187 42.23 35.0332 42.0761L33.4455 40.4884C32.5083 39.5513 31.9922 38.3053 31.9922 36.9799C31.9922 34.8409 33.3556 32.9492 35.385 32.2728L36.3532 31.9501C36.6882 31.8384 36.9141 31.5249 36.9141 31.1718V26.6507C41.911 22.7881 48.3341 21.054 54.6013 21.8889L63.6155 23.0909C65.1455 23.2948 66.6738 23.1283 68.0859 22.6399V31.1718C68.0859 31.5249 68.3118 31.8384 68.6468 31.9501L69.615 32.2728C71.6444 32.9492 73.0078 34.8409 73.0078 36.9799C73.0078 38.3053 72.4917 39.5513 71.5545 40.4884L69.9668 42.0761C69.813 42.23 69.7266 42.4386 69.7266 42.6562C69.7266 48.3151 66.3977 53.4848 61.246 55.8266C55.6878 58.353 49.3122 58.3531 43.754 55.8265C38.6022 53.4848 35.2734 48.3152 35.2734 42.6562H35.2734ZM52.5 77.3828L43.4766 65.3515V57.4962C46.3565 58.739 49.4279 59.362 52.4999 59.362C55.5719 59.362 58.6436 58.7389 61.5234 57.4961V65.3515L52.5 77.3828V77.3828Z" fill="white"/>
                    <path d="M30.3569 86.8625L28.7156 101.628L30.3462 101.809L31.9875 87.0437L30.3569 86.8625Z" fill="white"/>
                    <path d="M52.5 46.7577C49.2024 46.7577 46.2863 48.8595 45.2436 51.9879L45.1593 52.2404L46.7157 52.7593L46.8 52.5067C47.619 50.0494 49.9097 48.3983 52.5 48.3983C55.0903 48.3983 57.381 50.0494 58.2001 52.5068L58.2843 52.7593L59.8407 52.2404L59.7565 51.988C58.7137 48.8595 55.7976 46.7577 52.5 46.7577L52.5 46.7577Z" fill="white"/>
                    <path d="M60.3362 33.7193L57.055 35.3601L57.7888 36.8275L61.07 35.1867L60.3362 33.7193Z" fill="white"/>
                    <path d="M63.5623 27.1871L55.3592 32.109L56.2033 33.5159L64.4064 28.594L63.5623 27.1871Z" fill="white"/>
                    <path d="M83.6719 66.4452C74.1731 66.4452 66.4453 74.173 66.4453 83.6718C66.4453 93.1705 74.1731 100.898 83.6719 100.898C93.1707 100.898 100.898 93.1705 100.898 83.6718C100.898 74.173 93.1707 66.4452 83.6719 66.4452ZM83.6719 99.2577C75.0777 99.2577 68.0859 92.2659 68.0859 83.6718C68.0859 75.0776 75.0777 68.0858 83.6719 68.0858C92.266 68.0858 99.2578 75.0776 99.2578 83.6718C99.2578 92.2659 92.266 99.2577 83.6719 99.2577Z" fill="white"/>
                    <path d="M90.1807 74.2347C90.151 73.9849 90.0084 73.7627 89.7938 73.6316C87.9545 72.5079 85.8376 71.9139 83.6719 71.9139C77.1886 71.9139 71.914 77.1885 71.914 83.6718C71.914 85.8375 72.508 87.9544 73.6316 89.7937C73.7628 90.0083 73.985 90.1509 74.2348 90.1806C74.2671 90.1844 74.2996 90.1863 74.3318 90.1863C74.548 90.1863 74.757 90.1008 74.9118 89.9461L89.9462 74.9117C90.1239 74.7339 90.2103 74.4843 90.1807 74.2347V74.2347ZM74.529 88.0087C73.8892 86.6605 73.5546 85.1801 73.5546 83.6718C73.5546 78.0931 78.0932 73.5546 83.6719 73.5546C85.1802 73.5546 86.6606 73.8891 88.0087 74.5289L74.529 88.0087Z" fill="white"/>
                    <path d="M93.7121 77.5499C93.5809 77.3354 93.3587 77.1928 93.109 77.163C92.8594 77.134 92.6099 77.2198 92.432 77.3975L77.3976 92.4319C77.2198 92.6098 77.1334 92.8593 77.163 93.1089C77.1928 93.3587 77.3354 93.5809 77.55 93.7121C79.3893 94.8357 81.5061 95.4297 83.6719 95.4297C90.1552 95.4297 95.4297 90.1551 95.4297 83.6719C95.4297 81.5061 94.8357 79.3892 93.7121 77.5499ZM83.6719 93.7891C82.1635 93.7891 80.6831 93.4545 79.335 92.8148L92.8148 79.335C93.4545 80.6831 93.7891 82.1635 93.7891 83.6719C93.7891 89.2505 89.2505 93.7891 83.6719 93.7891Z" fill="white"/>
                    <path d="M79.2576 20.4859L74.0011 30.3612L75.4492 31.1321L80.7058 21.2567L79.2576 20.4859Z" fill="white"/>
                    <path d="M89.7807 24.4559L76.8225 35.4689L77.8849 36.719L90.8431 25.706L89.7807 24.4559Z" fill="white"/>
                    <path d="M87.0471 18.138L78.0978 29.8533L79.4015 30.8492L88.3509 19.134L87.0471 18.138Z" fill="white"/>
                    <path d="M14.6273 30.3141C15.519 29.6031 16.1728 28.655 16.5178 27.5723L14.9547 27.0742C14.7085 27.8466 14.2417 28.5234 13.6045 29.0314C12.7481 29.7145 11.6767 30.023 10.588 29.9001C9.49938 29.7774 8.52366 29.238 7.84063 28.3814C7.15761 27.5247 6.84909 26.4535 6.97185 25.3648C7.09462 24.2762 7.63395 23.3005 8.49071 22.6175C8.81625 22.3578 9.17594 22.1503 9.55986 22.0007C9.91244 21.8633 10.1252 21.5027 10.0752 21.1277C10.025 20.7527 9.72499 20.4606 9.34868 20.4207C8.24919 20.3038 7.26415 19.7635 6.57502 18.8991C5.89199 18.0425 5.58347 16.9712 5.70624 15.8825C5.829 14.7939 6.36834 13.8181 7.225 13.1351C8.99329 11.7254 11.579 12.0168 12.9889 13.7851C13.2712 14.1395 13.7876 14.1976 14.1417 13.9151C14.3448 13.7531 14.4505 13.5145 14.4506 13.2735C14.4507 13.0941 14.3922 12.9135 14.2717 12.7623C12.8617 10.994 13.1533 8.40829 14.9216 6.99828C15.7782 6.31545 16.8501 6.00633 17.9382 6.1296C19.0269 6.25236 20.0026 6.7917 20.6857 7.64836C21.375 8.51293 21.6824 9.5937 21.5513 10.6917C21.5025 11.1004 21.7644 11.4816 22.1634 11.5833C22.5082 11.6713 22.8631 11.5262 23.0519 11.2384C23.2815 10.9021 23.5615 10.6012 23.884 10.3438C24.7406 9.66089 25.8119 9.35267 26.9006 9.47504C27.9893 9.5978 28.965 10.1372 29.648 10.9938C31.0579 12.7622 30.7663 15.3479 28.998 16.7578C28.6257 17.0546 28.2111 17.2821 27.7655 17.434L28.295 18.9869C28.9198 18.7738 29.5005 18.4554 30.0208 18.0406C32.4964 16.0668 32.9046 12.4468 30.9307 9.97101C29.0127 7.56525 25.5402 7.11153 23.0739 8.89935C22.883 8.07894 22.5098 7.30459 21.9684 6.62557C21.0123 5.42625 19.6462 4.67112 18.1221 4.49929C16.5983 4.32756 15.0981 4.75924 13.8989 5.71554C12.2687 7.0153 11.535 9.02863 11.7875 10.959C11.3536 10.7983 10.8971 10.6893 10.4254 10.6361C8.90177 10.4639 7.40154 10.8961 6.20221 11.8524C5.00299 12.8086 4.24786 14.1745 4.07593 15.6987C3.9041 17.2228 4.33598 18.7227 5.29228 19.9219C5.83361 20.6009 6.50542 21.1372 7.26275 21.506C6.18249 22.4505 5.50347 23.7456 5.34155 25.1809C5.16971 26.7051 5.6017 28.2049 6.5579 29.4042C7.51409 30.6034 8.88004 31.3585 10.4041 31.5304C10.6232 31.5551 10.8415 31.5674 11.0588 31.5674C12.353 31.5673 13.6004 31.1329 14.6273 30.3141H14.6273Z" fill="white"/>
                    <path d="M24.8949 16.8247L23.4769 17.65L29.944 28.7613L31.3619 27.936L24.8949 16.8247Z" fill="white"/>
                    <path d="M15.1654 22.3922L14.0408 23.5868L23.9662 32.931L25.0908 31.7364L15.1654 22.3922Z" fill="white"/>
                    <path d="M17.8801 16.0619L16.5529 17.0262L28.3734 33.2946L29.7006 32.3303L17.8801 16.0619Z" fill="white"/>
                    </svg>
                    
                    <p>Transtornos de ansiedade, bipolaridade, stress </p>
                    
            </div>
            <div class="card3">
                <svg width="99" height="99" viewBox="0 0 99 99" fill="none" xmlns="http://www.w3.org/2000/svg">
                    <path d="M93.9375 8.1915L90.9207 5.1747C90.8399 5.09389 90.744 5.02978 90.6384 4.98605C90.5328 4.94231 90.4196 4.9198 90.3053 4.9198C90.1911 4.9198 90.0779 4.94231 89.9723 4.98605C89.8667 5.02978 89.7708 5.09389 89.69 5.1747L86.6732 8.1915C86.5515 8.3132 86.4686 8.46827 86.435 8.63708C86.4014 8.80589 86.4186 8.98087 86.4845 9.1399C86.5504 9.29892 86.6619 9.43484 86.805 9.53047C86.9481 9.6261 87.1164 9.67715 87.2885 9.67715H89.1452V18.4326C89.1452 18.7403 89.2674 19.0354 89.485 19.253C89.7026 19.4705 89.9977 19.5928 90.3054 19.5928C90.6131 19.5928 90.9081 19.4705 91.1257 19.253C91.3433 19.0354 91.4655 18.7403 91.4655 18.4326V9.67715H93.3222C93.4943 9.67715 93.6626 9.62611 93.8057 9.53049C93.9488 9.43486 94.0603 9.29894 94.1262 9.13991C94.1921 8.98089 94.2093 8.80591 94.1757 8.63709C94.1421 8.46827 94.0592 8.3132 93.9375 8.1915V8.1915Z" fill="white"/>
                    <path d="M40.003 70.9495C39.6883 69.5796 38.9591 68.3401 37.9145 67.3996L29.7302 60.0096C29.5369 59.8327 29.3091 59.6979 29.0611 59.6135C28.8131 59.5291 28.5503 59.4971 28.2893 59.5194C28.0283 59.5417 27.7747 59.6178 27.5447 59.7431C27.3146 59.8683 27.1129 60.0399 26.9525 60.247C25.749 61.7887 25.3816 63.4984 25.9177 65.0609C26.253 66.0377 26.906 67.0597 27.6069 67.9695L21.5956 66.1745C21.2468 66.0697 20.9273 65.8847 20.6628 65.6344C20.3983 65.384 20.196 65.0753 20.0722 64.7328L19.2613 62.4655C18.8359 61.2868 18.0578 60.2676 17.0329 59.5466C16.0079 58.8256 14.7858 58.4376 13.5326 58.4355H7.93786C7.51802 58.4355 7.10375 58.5318 6.72689 58.7168C6.35002 58.9019 6.02057 59.1708 5.76385 59.503C5.50712 59.8352 5.32995 60.2219 5.24593 60.6332C5.16191 61.0446 5.17328 61.4697 5.27917 61.876L7.64349 71.1638C8.15783 73.2421 8.7066 74.9204 10.6599 76.0371L24.7945 84.1195C25.307 84.4141 25.7341 84.8369 26.0339 85.3463C26.3337 85.8557 26.496 86.4343 26.5048 87.0254L26.5552 91.038C26.5553 91.045 26.5554 91.0519 26.5557 91.0589C26.5553 91.0704 26.5551 91.082 26.5551 91.0935C26.5551 94.2558 30.5257 96.733 35.5945 96.733C39.5987 96.733 43.0664 95.1578 44.2232 92.8133C44.593 92.0465 44.687 91.1756 44.4895 90.3474L40.003 70.9495ZM42.3159 91.872C41.6455 93.2306 39.1216 94.6061 35.5945 94.6061C31.9122 94.6061 28.6821 92.9646 28.6821 91.0935C28.6821 91.0819 28.6819 91.0707 28.6815 91.0591C28.6821 91.0433 28.6822 91.0272 28.682 91.0112L28.6316 86.9986C28.6173 86.0374 28.3535 85.0965 27.8659 84.2681C27.3783 83.4397 26.6837 82.7522 25.8503 82.2732L11.7158 74.1908C10.5806 73.5418 10.1942 72.6161 9.70654 70.6461L7.33789 61.3416C7.31362 61.2498 7.31076 61.1536 7.32954 61.0604C7.34832 60.9673 7.38823 60.8797 7.4462 60.8045C7.50416 60.7292 7.57864 60.6682 7.66389 60.6263C7.74914 60.5843 7.84288 60.5625 7.93788 60.5625H8.56775C8.5743 60.6255 8.58644 60.6877 8.60404 60.7485L11.7128 71.3079C11.8227 71.6724 12.0064 72.0103 12.2525 72.3008C12.4985 72.5913 12.8017 72.8281 13.1431 72.9966L15.8774 74.3403C16.1305 74.4647 16.4227 74.4834 16.6897 74.3924C16.9567 74.3013 17.1766 74.1079 17.301 73.8548C17.4254 73.6016 17.4441 73.3094 17.3531 73.0425C17.262 72.7755 17.0686 72.5556 16.8155 72.4312L14.0812 71.0875C14.0028 71.0491 13.9332 70.9951 13.8765 70.9287C13.8198 70.8624 13.7773 70.7851 13.7516 70.7017L10.7665 60.5625H12.4806L14.6304 68.6303C14.7362 69.0146 14.9238 69.3715 15.1803 69.6764C15.4369 69.9814 15.7564 70.2274 16.1168 70.3974L18.9409 71.7311C19.196 71.8515 19.4885 71.8657 19.754 71.7705C20.0195 71.6753 20.2363 71.4786 20.3568 71.2235C20.4772 70.9685 20.4914 70.676 20.3962 70.4105C20.301 70.145 20.1042 69.9281 19.8492 69.8077L17.025 68.474C16.9428 68.4355 16.8697 68.3799 16.8108 68.3109C16.7518 68.2419 16.7083 68.1611 16.6832 68.0739L14.7315 60.7496C15.3111 60.9344 15.8405 61.2499 16.2787 61.6718C16.717 62.0938 17.0524 62.6108 17.2589 63.183L18.07 65.4503C18.3069 66.1064 18.6941 66.698 19.2007 67.1776C19.7072 67.6573 20.319 68.0118 20.9871 68.2126L30.692 71.1106C30.9232 71.1796 31.171 71.168 31.3947 71.0777C31.6184 70.9874 31.8047 70.8237 31.9231 70.6135C32.0415 70.4033 32.0849 70.1591 32.0462 69.921C32.0075 69.6829 31.889 69.465 31.7101 69.3031C30.8677 68.5402 28.5461 66.1671 27.9295 64.3705C27.5861 63.3697 28.0084 62.4222 28.4843 61.7503L36.489 68.9781C37.2101 69.6273 37.7136 70.483 37.9308 71.4287L42.4172 90.8267C42.5045 91.1765 42.4687 91.5455 42.3159 91.872V91.872Z" fill="white"/>
                    <path d="M83.5971 58.4356H78.0023C76.749 58.4377 75.5267 58.8258 74.5016 59.5471C73.4766 60.2683 72.6986 61.2877 72.2733 62.4667L71.4631 64.7317C71.3393 65.0745 71.137 65.3835 70.8724 65.634C70.6078 65.8845 70.2882 66.0697 69.9392 66.1746L63.9278 67.9696C64.6289 67.0598 65.2818 66.0379 65.6171 65.061C66.1533 63.4985 65.7858 61.7888 64.5822 60.2469C64.4218 60.0398 64.2201 59.8683 63.9901 59.7431C63.76 59.6179 63.5064 59.5418 63.2454 59.5195C62.9845 59.4972 62.7217 59.5292 62.4737 59.6136C62.2257 59.698 61.9979 59.8329 61.8047 60.0097L53.6202 67.3997C52.5757 68.3402 51.8465 69.5798 51.5318 70.9496L47.0453 90.3474C46.8477 91.1755 46.9418 92.0464 47.3116 92.8131C48.4685 95.1578 51.9361 96.733 55.9404 96.733C61.0091 96.733 64.9797 94.2558 64.9797 91.0935C64.9797 91.082 64.9795 91.0705 64.9791 91.0589C64.9794 91.0519 64.9795 91.045 64.9796 91.038L65.03 87.0254C65.0388 86.4344 65.2011 85.8557 65.5009 85.3463C65.8007 84.8369 66.2278 84.4141 66.7403 84.1195L80.8748 76.0371C82.8281 74.9204 83.3769 73.2421 83.8896 71.1706L86.2531 61.8858C86.3607 61.4791 86.3734 61.0531 86.2904 60.6407C86.2073 60.2283 86.0307 59.8405 85.774 59.5071C85.5174 59.1737 85.1876 58.9038 84.8102 58.718C84.4327 58.5322 84.0177 58.4356 83.597 58.4355L83.5971 58.4356ZM84.1946 61.3514L81.8268 70.6529C81.3408 72.6161 80.9544 73.5417 79.8192 74.1908L65.6846 82.2732C64.8512 82.7522 64.1566 83.4397 63.6691 84.2681C63.1815 85.0965 62.9177 86.0374 62.9034 86.9986L62.853 91.0112C62.8528 91.0272 62.853 91.0433 62.8535 91.0591C62.8531 91.0707 62.8529 91.082 62.8529 91.0935C62.8529 92.9646 59.6228 94.6061 55.9405 94.6061C52.4135 94.6061 49.8895 93.2306 49.2191 91.8718C49.0663 91.5454 49.0305 91.1764 49.1177 90.8267L53.6041 71.4289C53.8214 70.4832 54.3249 69.6275 55.0459 68.9783L63.0507 61.7505C63.5266 62.4225 63.9488 63.3701 63.6055 64.3707C62.9908 66.1617 60.6678 68.5387 59.8249 69.3033C59.646 69.4651 59.5275 69.683 59.4888 69.9211C59.4501 70.1593 59.4935 70.4035 59.6119 70.6137C59.7303 70.8239 59.9166 70.9876 60.1403 71.0779C60.364 71.1682 60.6118 71.1798 60.8429 71.1107L70.5478 68.2128C71.2161 68.0118 71.828 67.6572 72.3347 67.1774C72.8413 66.6975 73.2286 66.1057 73.4655 65.4493L74.2756 63.1843C74.4822 62.6119 74.8176 62.0946 75.2559 61.6725C75.6942 61.2504 76.2237 60.9346 76.8034 60.7498L74.8541 68.0651C74.8296 68.1541 74.7862 68.2367 74.7268 68.3073C74.6674 68.3778 74.5934 68.4348 74.5099 68.4741L71.6858 69.8078C71.4308 69.9283 71.234 70.1451 71.1388 70.4106C71.0436 70.6761 71.0578 70.9686 71.1783 71.2236C71.2987 71.4787 71.5155 71.6755 71.7811 71.7707C72.0466 71.8658 72.339 71.8517 72.5941 71.7312L75.4181 70.3975C75.7798 70.2266 76.1002 69.9793 76.3572 69.6728C76.6142 69.3662 76.8018 69.0076 76.907 68.6216L79.0544 60.5626H80.7685L77.785 70.6966C77.7596 70.781 77.7171 70.8593 77.6601 70.9266C77.6032 70.9938 77.533 71.0487 77.4539 71.0876L74.5248 72.5271C74.3995 72.5887 74.2875 72.6744 74.1952 72.7792C74.103 72.8841 74.0323 73.0061 73.9872 73.1383C73.9422 73.2705 73.9236 73.4103 73.9325 73.5497C73.9414 73.689 73.9777 73.8253 74.0393 73.9506C74.1009 74.076 74.1866 74.188 74.2915 74.2802C74.3964 74.3724 74.5184 74.4431 74.6506 74.4882C74.7828 74.5333 74.9225 74.5519 75.0619 74.543C75.2013 74.534 75.3375 74.4977 75.4629 74.4361L78.392 72.9967C78.7341 72.8277 79.0378 72.5901 79.2841 72.2987C79.5305 72.0072 79.7141 71.6682 79.8238 71.3027L82.9311 60.7486C82.9487 60.6878 82.9608 60.6255 82.9673 60.5626H83.5972C83.6931 60.5626 83.7877 60.5848 83.8735 60.6275C83.9594 60.6701 84.0342 60.7321 84.0921 60.8085C84.1499 60.885 84.1893 60.9737 84.2071 61.0679C84.225 61.1622 84.2207 61.2592 84.1947 61.3515L84.1946 61.3514Z" fill="white"/>
                    <path d="M71.3665 22.6153C72.5101 22.6153 73.628 22.2762 74.5789 21.6409C75.5298 21.0055 76.2709 20.1025 76.7086 19.0459C77.1462 17.9893 77.2608 16.8267 77.0377 15.7051C76.8145 14.5834 76.2638 13.5531 75.4552 12.7445C74.6465 11.9358 73.6162 11.3851 72.4946 11.162C71.3729 10.9389 70.2103 11.0534 69.1538 11.4911C68.0972 11.9287 67.1941 12.6699 66.5588 13.6207C65.9234 14.5716 65.5843 15.6896 65.5844 16.8332C65.5861 18.3662 66.1959 19.8359 67.2798 20.9198C68.3638 22.0038 69.8335 22.6136 71.3665 22.6153V22.6153ZM71.3665 13.3712C72.0512 13.3712 72.7205 13.5742 73.2898 13.9546C73.8591 14.335 74.3028 14.8757 74.5649 15.5082C74.8269 16.1408 74.8955 16.8369 74.7619 17.5084C74.6284 18.18 74.2987 18.7968 73.8145 19.281C73.3304 19.7652 72.7136 20.0949 72.042 20.2285C71.3705 20.3621 70.6744 20.2935 70.0418 20.0315C69.4092 19.7695 68.8686 19.3258 68.4881 18.7565C68.1077 18.1872 67.9047 17.5179 67.9047 16.8332C67.9057 15.9154 68.2707 15.0354 68.9197 14.3864C69.5687 13.7374 70.4486 13.3723 71.3665 13.3712Z" fill="white"/>
                    <path d="M90.3054 21.7233C89.9977 21.7233 89.7026 21.8455 89.485 22.0631C89.2674 22.2806 89.1452 22.5757 89.1452 22.8834V24.9792C89.1452 25.2869 89.2674 25.582 89.485 25.7996C89.7026 26.0171 89.9977 26.1394 90.3054 26.1394C90.6131 26.1394 90.9081 26.0171 91.1257 25.7996C91.3433 25.582 91.4655 25.2869 91.4655 24.9792V22.8834C91.4655 22.5757 91.3433 22.2806 91.1257 22.0631C90.9081 21.8455 90.6131 21.7233 90.3054 21.7233V21.7233Z" fill="white"/>
                    <path d="M22.5987 55.071H67.7111C68.9663 55.0696 70.1697 54.5704 71.0572 53.6828C71.9448 52.7953 72.444 51.5919 72.4454 50.3367V39.4308L72.4055 31.4474H72.9046C73.2649 31.449 73.6149 31.327 73.8962 31.1018C74.1774 30.8766 74.373 30.5618 74.4503 30.2099L75.1721 26.9905C75.3427 26.9245 75.5125 26.8536 75.6817 26.7781L78.4691 28.5443C78.7726 28.7388 79.1336 28.8234 79.4919 28.7838C79.8502 28.7443 80.1841 28.583 80.4378 28.327L82.6131 26.1515C82.869 25.8979 83.0302 25.5642 83.0699 25.206C83.1095 24.8479 83.0252 24.487 82.831 24.1835L81.0642 21.3957C81.1395 21.2271 81.2102 21.0572 81.2764 20.8861L84.4961 20.1644C84.848 20.0871 85.1628 19.8915 85.388 19.6102C85.6132 19.3289 85.7351 18.9789 85.7335 18.6186V15.5423C85.7351 15.1819 85.6131 14.8319 85.3879 14.5507C85.1627 14.2694 84.8479 14.0738 84.496 13.9965L81.2765 13.2748C81.2105 13.1039 81.1398 12.934 81.0643 12.7652L82.8307 9.97738C83.0251 9.67393 83.1095 9.31299 83.0699 8.9548C83.0303 8.59661 82.869 8.26285 82.613 8.00923L80.4377 5.83394C80.1841 5.57797 79.8504 5.4167 79.4922 5.37701C79.1341 5.33732 78.7732 5.42162 78.4697 5.61585L75.6817 7.38271C75.5132 7.30735 75.3433 7.2366 75.172 7.17046L74.4503 3.95102C74.373 3.59912 74.1774 3.28435 73.8961 3.05918C73.6149 2.83401 73.2649 2.71205 72.9046 2.71364H69.8282C69.4679 2.71206 69.1179 2.83403 68.8366 3.05922C68.5554 3.28441 68.3598 3.59921 68.2825 3.95114L67.5609 7.17038C67.3898 7.23647 67.2199 7.30728 67.0511 7.3828L64.2628 5.6155C63.9593 5.42147 63.5985 5.33729 63.2405 5.37699C62.8824 5.4167 62.5488 5.57788 62.2952 5.83368L60.1199 8.00917C59.8639 8.26279 59.7027 8.5965 59.663 8.95463C59.6234 9.31276 59.7077 9.67366 59.902 9.97713L61.6688 12.7652C61.5934 12.9338 61.5226 13.1037 61.4566 13.2748L59.3358 13.7502C58.7119 11.402 57.4542 9.27055 55.7004 7.589C53.1491 5.09359 49.7224 3.69578 46.1535 3.69463H45.8132C42.4475 3.6987 39.2077 4.97452 36.7429 7.26644C34.2782 9.55836 32.7706 12.6971 32.5222 16.0536H22.5987C21.3435 16.055 20.1402 16.5542 19.2526 17.4418C18.3651 18.3293 17.8659 19.5327 17.8645 20.7879V50.3367C17.8659 51.5919 18.3651 52.7953 19.2526 53.6828C20.1402 54.5703 21.3435 55.0696 22.5987 55.071V55.071ZM62.3592 15.4503C62.6246 15.3913 62.8702 15.2646 63.0721 15.0827C63.274 14.9007 63.4254 14.6695 63.5116 14.4117C63.6278 14.0718 63.766 13.7399 63.9255 13.4181C64.0457 13.1741 64.1015 12.9034 64.0875 12.6317C64.0736 12.36 63.9904 12.0964 63.8459 11.866L62.1773 9.23294L63.5191 7.89132L66.1526 9.56038C66.3824 9.70654 66.6461 9.79065 66.918 9.80448C67.19 9.81831 67.4609 9.7614 67.7043 9.63931C68.0259 9.47994 68.3576 9.3418 68.6973 9.22577C68.9553 9.13959 69.1866 8.9881 69.3687 8.78602C69.5508 8.58394 69.6775 8.33816 69.7365 8.07259L70.4176 5.0338H72.3151L72.9964 8.07279C73.0553 8.33823 73.1819 8.58391 73.364 8.78592C73.546 8.98793 73.7771 9.13939 74.035 9.22558C74.3748 9.34165 74.7065 9.47979 75.0283 9.63911C75.2724 9.75935 75.5431 9.8152 75.8149 9.80135C76.0866 9.78751 76.3503 9.70442 76.5809 9.55999L79.2139 7.8913L80.5556 9.23292L78.8873 11.8656C78.7426 12.096 78.6593 12.3597 78.6453 12.6314C78.6313 12.9032 78.6871 13.174 78.8074 13.4181C78.9668 13.7399 79.1051 14.0717 79.2213 14.4115C79.3076 14.6694 79.459 14.9007 79.6611 15.0827C79.8631 15.2648 80.1088 15.3915 80.3743 15.4505L83.4131 16.1315V18.0293L80.3752 18.7102C80.1096 18.7688 79.8637 18.8954 79.6615 19.0774C79.4593 19.2594 79.3077 19.4907 79.2215 19.7487C79.1051 20.0889 78.9667 20.4211 78.807 20.7433C78.6852 20.9868 78.6285 21.2577 78.6425 21.5296C78.6565 21.8015 78.7408 22.0652 78.887 22.2949L80.5556 24.9277L79.214 26.2695L76.5816 24.6014C76.3512 24.4567 76.0875 24.3734 75.8158 24.3594C75.5441 24.3454 75.2733 24.4011 75.0292 24.5213C74.7073 24.6806 74.3754 24.8189 74.0357 24.9351C73.7776 25.0213 73.5463 25.1728 73.3642 25.3749C73.1821 25.577 73.0554 25.8227 72.9964 26.0883L72.3151 29.1271H70.4176L69.7365 26.0881C69.6775 25.8226 69.5509 25.577 69.3689 25.375C69.1868 25.1729 68.9556 25.0215 68.6977 24.9353C68.358 24.8191 68.0261 24.6809 67.7043 24.5215C67.4603 24.4012 67.1896 24.3453 66.9179 24.3592C66.6462 24.373 66.3825 24.4562 66.1521 24.6008L63.519 26.2695L62.1773 24.9277L63.846 22.2947C63.9923 22.0649 64.0765 21.8011 64.0904 21.529C64.1043 21.257 64.0474 20.986 63.9253 20.7425C63.7659 20.4207 63.6277 20.089 63.5115 19.7493C63.4253 19.4913 63.2738 19.26 63.0717 19.078C62.8697 18.8959 62.624 18.7693 62.3584 18.7103L59.3197 18.0292V16.1316L62.3592 15.4503ZM38.5961 15.5698C39.1862 11.9962 42.0192 9.68734 45.8132 9.68734H46.1535C49.9474 9.68734 52.7803 11.9963 53.3705 15.5699C53.38 15.6296 53.3765 15.6906 53.3602 15.7488C53.3439 15.807 53.3151 15.861 53.2759 15.907C53.2367 15.953 53.1879 15.9899 53.133 16.0152C53.0782 16.0406 53.0184 16.0537 52.958 16.0537H39.0086C38.9481 16.0537 38.8884 16.0406 38.8335 16.0152C38.7786 15.9899 38.7299 15.953 38.6907 15.907C38.6515 15.861 38.6227 15.807 38.6064 15.7488C38.59 15.6906 38.5865 15.6296 38.5961 15.5699L38.5961 15.5698ZM45.3482 22.8891C47.7922 22.8891 50.1813 23.6138 52.2134 24.9716C54.2455 26.3294 55.8294 28.2593 56.7646 30.5173C57.6999 32.7752 57.9446 35.2598 57.4678 37.6569C56.991 40.0539 55.8141 42.2557 54.086 43.9839C52.3578 45.712 50.156 46.8889 47.7589 47.3657C45.3619 47.8425 42.8773 47.5978 40.6194 46.6625C38.3614 45.7273 36.4315 44.1434 35.0737 42.1113C33.7159 40.0792 32.9912 37.6901 32.9912 35.2461C32.9912 33.6233 33.3108 32.0165 33.9318 30.5173C34.5528 29.018 35.463 27.6558 36.6105 26.5083C37.758 25.3609 39.1202 24.4507 40.6194 23.8297C42.1187 23.2087 43.7255 22.8891 45.3483 22.8891H45.3482Z" fill="white"/>
                    <path d="M39.3525 38.4636H42.1307V41.2419C42.1312 41.7053 42.3156 42.1497 42.6433 42.4774C42.971 42.8051 43.4154 42.9895 43.8789 42.99H46.8175C47.281 42.9895 47.7254 42.8052 48.0531 42.4774C48.3809 42.1497 48.5652 41.7053 48.5658 41.2419V38.4636H51.344C51.8075 38.4631 52.2518 38.2788 52.5796 37.951C52.9073 37.6233 53.0917 37.179 53.0922 36.7155V33.7767C53.0917 33.3133 52.9073 32.8689 52.5796 32.5412C52.2518 32.2134 51.8075 32.0291 51.344 32.0286H48.5658V29.2504C48.5653 28.7869 48.3809 28.3425 48.0531 28.0148C47.7254 27.6871 47.281 27.5027 46.8175 27.5022H43.8789C43.4154 27.5027 42.9711 27.6871 42.6433 28.0148C42.3156 28.3425 42.1313 28.7869 42.1307 29.2504V32.0286H39.3525C38.889 32.0291 38.4446 32.2134 38.1169 32.5412C37.7891 32.8689 37.6048 33.3133 37.6042 33.7767V36.7155C37.6048 37.179 37.7891 37.6233 38.1169 37.9511C38.4446 38.2788 38.889 38.4631 39.3525 38.4636ZM39.9245 34.349H42.7028C43.1662 34.3484 43.6106 34.1641 43.9384 33.8364C44.2661 33.5086 44.4505 33.0643 44.451 32.6008V29.8225H46.2454V32.6007C46.2459 33.0642 46.4303 33.5086 46.758 33.8363C47.0857 34.164 47.5301 34.3484 47.9935 34.3489H50.7719V36.1433H47.9937C47.5302 36.1438 47.0859 36.3281 46.7582 36.6559C46.4304 36.9836 46.2461 37.428 46.2456 37.8914V40.6697H44.4512V37.8915C44.4507 37.428 44.2663 36.9836 43.9385 36.6559C43.6108 36.3282 43.1664 36.1438 42.7029 36.1433H39.9246L39.9245 34.349Z" fill="white"/>
                    </svg>
                    
                    <p> Aconselhamento profissional e qualificado</p>
                    
            </div>